5 0.309583 0.743571 0.1625 0.25
5 0.492083 0.860714 0.180833 0.224286
5 0.672917 0.743571 0.199167 0.21
5 0.572917 0.626429 0.155833 0.21
5 0.4075 0.607143 0.17 0.245714
5 0.540833 0.405714 0.12 0.254286
0 0.734167 0.253571 0.0866667 0.167143
0 0.682083 0.247143 0.0808333 0.188571
0 0.663333 0.255 0.0616667 0.127143
0 0.623333 0.288571 0.0816667 0.202857
0 0.579167 0.295 0.0916667 0.207143
1 0.822917 0.595 0.179167 0.487143
1 0.793333 0.471429 0.285 0.377143
4 0.366667 0.360714 0.318333 0.53
