0 0.427083 0.110714 0.169167 0.164286
0 0.495833 0.255 0.101667 0.167143
0 0.39375 0.325 0.1475 0.261429
1 0.472083 0.863571 0.315833 0.224286
4 0.280833 0.384286 0.16 0.342857
5 0.376667 0.382143 0.106667 0.164286
5 0.49125 0.340714 0.0958333 0.158571
5 0.49375 0.485 0.1075 0.141429
5 0.398333 0.498571 0.0866667 0.157143
5 0.318333 0.594286 0.115 0.174286
5 0.25875 0.645 0.114167 0.167143
5 0.357083 0.731429 0.114167 0.142857
5 0.396667 0.813571 0.101667 0.121429
5 0.489167 0.807857 0.101667 0.152857
5 0.58 0.677857 0.121667 0.152857
5 0.667083 0.578571 0.109167 0.154286
5 0.576667 0.521429 0.085 0.188571
2 0.445 0.654286 0.165 0.2
