0 0.594583 0.228571 0.0875 0.168571
0 0.539167 0.225714 0.0733333 0.185714
0 0.50125 0.232143 0.0875 0.187143
0 0.479583 0.240714 0.0858333 0.187143
2 0.300417 0.424286 0.2875 0.351429
5 0.65375 0.415 0.130833 0.144286
5 0.722083 0.529286 0.135833 0.144286
5 0.721667 0.656429 0.141667 0.19
5 0.610833 0.720714 0.151667 0.161429
5 0.611667 0.548571 0.0916667 0.122857
5 0.519583 0.417143 0.140833 0.185714
5 0.530833 0.614286 0.13 0.197143
5 0.434583 0.569286 0.109167 0.152857
5 0.380417 0.697857 0.144167 0.181429
