5 0.595833 0.430714 0.206667 0.144286
5 0.79375 0.578571 0.2025 0.162857
5 0.540417 0.577857 0.230833 0.135714
5 0.543333 0.715 0.24 0.135714
5 0.332917 0.61 0.180833 0.162857
4 0.709583 0.332857 0.5025 0.154286
0 0.194583 0.492857 0.1875 0.148571
0 0.276667 0.726429 0.195 0.17
0 0.777917 0.712857 0.229167 0.128571
0 0.80375 0.425714 0.2075 0.131429
1 0.28875 0.278571 0.344167 0.18
1 0.683333 0.261429 0.361667 0.0914286
1 0.73875 0.790714 0.384167 0.101429
1 0.17125 0.689286 0.115833 0.25
6 0.345417 0.396429 0.320833 0.244286
