5 0.607083 0.413571 0.2125 0.152857
5 0.796667 0.563571 0.201667 0.17
5 0.539167 0.563571 0.23 0.141429
5 0.542083 0.698571 0.235833 0.131429
5 0.3375 0.587143 0.175 0.168571
4 0.71875 0.322857 0.495833 0.157143
6 0.3575 0.369286 0.313333 0.238571
0 0.204167 0.463571 0.181667 0.152857
0 0.272083 0.696429 0.1925 0.167143
0 0.77375 0.702857 0.230833 0.125714
0 0.815 0.409286 0.203333 0.132857
1 0.304583 0.255714 0.3475 0.171429
1 0.700417 0.244286 0.354167 0.102857
1 0.731667 0.768571 0.39 0.108571
1 0.172917 0.659286 0.120833 0.258571
