6 0.6775 0.414286 0.31 0.222857
4 0.75125 0.677143 0.1825 0.345714
0 0.55625 0.305 0.1875 0.132857
0 0.632917 0.746429 0.160833 0.138571
0 0.262083 0.725714 0.1675 0.171429
0 0.252083 0.355 0.2175 0.147143
1 0.297083 0.283571 0.330833 0.0785714
1 0.820833 0.373571 0.216667 0.255714
1 0.841667 0.660714 0.115 0.261429
1 0.164583 0.698571 0.129167 0.285714
5 0.394583 0.401429 0.219167 0.125714
5 0.432917 0.549286 0.1775 0.161429
5 0.256667 0.552857 0.173333 0.165714
5 0.434167 0.740714 0.226667 0.144286
5 0.620833 0.594286 0.196667 0.151429
