5 0.764167 0.4 0.115 0.162857
5 0.700833 0.529286 0.15 0.147143
5 0.660417 0.380714 0.105833 0.138571
5 0.580833 0.605 0.166667 0.161429
5 0.540833 0.469286 0.17 0.147143
5 0.570417 0.307143 0.149167 0.174286
5 0.46125 0.259286 0.1075 0.15
5 0.420833 0.378571 0.12 0.117143
5 0.438333 0.598571 0.123333 0.188571
2 0.324167 0.177143 0.201667 0.228571
0 0.624583 0.0957143 0.134167 0.174286
0 0.585833 0.121429 0.11 0.177143
0 0.533333 0.119286 0.126667 0.192857
0 0.519583 0.125714 0.0875 0.182857
0 0.457917 0.127857 0.139167 0.175714
