5 0.720833 0.660714 0.141667 0.192857
5 0.723333 0.532143 0.133333 0.15
5 0.652083 0.419286 0.1325 0.13
5 0.61625 0.546429 0.0858333 0.135714
5 0.608333 0.72 0.155 0.162857
5 0.5225 0.417143 0.145 0.174286
5 0.532917 0.612143 0.129167 0.195714
5 0.432083 0.563571 0.1075 0.152857
5 0.378333 0.697857 0.156667 0.17
0 0.594167 0.227857 0.0866667 0.161429
0 0.544583 0.232857 0.0675 0.18
0 0.500417 0.228571 0.0908333 0.165714
0 0.48 0.229286 0.0833333 0.161429
2 0.31 0.412143 0.266667 0.392857
