0 0.220833 0.25 0.133333 0.168571
0 0.6075 0.267857 0.101667 0.115714
0 0.835833 0.247143 0.113333 0.114286
0 0.211667 0.592857 0.123333 0.111429
0 0.525417 0.605 0.1375 0.155714
0 0.855417 0.585 0.125833 0.147143
1 0.0895833 0.367857 0.145833 0.378571
1 0.182917 0.793571 0.154167 0.332857
1 0.466667 0.72 0.0666667 0.511429
1 0.464167 0.153571 0.0683333 0.281429
1 0.681667 0.200714 0.1 0.361429
1 0.727083 0.778571 0.140833 0.422857
1 0.954583 0.618571 0.0791667 0.242857
1 0.897917 0.13 0.0791667 0.205714
