9 0.331667 0.242143 0.0566667 0.07
9 0.952083 0.287143 0.0658333 0.0857143
9 0.84125 0.442857 0.0908333 0.1
9 0.515417 0.539286 0.0875 0.0728571
9 0.600417 0.245714 0.0841667 0.0942857
9 0.304583 0.0657143 0.0608333 0.1
9 0.83125 0.0535714 0.0758333 0.0528571
10 0.234583 0.5 0.195833 0.28
10 0.34125 0.296429 0.150833 0.178571
10 0.30125 0.106429 0.134167 0.155714
10 0.43875 0.0478571 0.0958333 0.0671429
10 0.5125 0.146429 0.116667 0.127143
10 0.63125 0.0471429 0.1025 0.0857143
10 0.735833 0.222143 0.118333 0.147143
10 0.80875 0.102857 0.0975 0.125714
10 0.916667 0.34 0.12 0.177143
10 0.827083 0.532857 0.1625 0.197143
10 0.595 0.315 0.166667 0.155714
10 0.576667 0.566429 0.218333 0.247143
