10 0.730833 0.0492857 0.1 0.09
10 0.888333 0.184286 0.0683333 0.0857143
10 0.899167 0.452857 0.101667 0.111429
10 0.625833 0.380714 0.101667 0.118571
10 0.467917 0.641429 0.109167 0.114286
10 0.772083 0.597857 0.109167 0.112857
10 0.185 0.550714 0.12 0.124286
10 0.509167 0.025 0.1 0.0357143
10 0.263333 0.0321429 0.0966667 0.0642857
10 0.39625 0.175 0.0825 0.0614286
10 0.107917 0.143571 0.105833 0.0557143
10 0.63625 0.221429 0.0891667 0.0628571
10 0.387083 0.399286 0.0908333 0.0985714
10 0.0391667 0.334286 0.0733333 0.0514286
