9 0.944583 0.276429 0.0708333 0.0842857
9 0.60375 0.245 0.0808333 0.0814286
9 0.33375 0.237143 0.0658333 0.0628571
9 0.841667 0.436429 0.085 0.0985714
9 0.3 0.0414286 0.06 0.0771429
9 0.513333 0.536429 0.0666667 0.0671429
9 0.71 0.17 0.0633333 0.0685714
9 0.251667 0.467857 0.0816667 0.112857
10 0.305417 0.102143 0.119167 0.184286
10 0.445 0.055 0.106667 0.107143
10 0.517083 0.123571 0.104167 0.184286
10 0.632083 0.0521429 0.1125 0.0814286
10 0.810417 0.0914286 0.100833 0.154286
10 0.914583 0.335714 0.1525 0.191429
10 0.81875 0.524286 0.155833 0.202857
10 0.730417 0.218571 0.120833 0.182857
10 0.586667 0.304286 0.17 0.182857
10 0.339583 0.298571 0.1425 0.182857
10 0.57125 0.572143 0.234167 0.224286
10 0.23125 0.51 0.1825 0.245714
9 0.833333 0.0507143 0.055 0.0671429
