9 0.377083 0.405 0.155833 0.215714
9 0.775833 0.125 0.0916667 0.212857
9 0.0475 0.272143 0.0783333 0.0814286
9 0.409167 0.0892857 0.121667 0.0814286
9 0.5775 0.806429 0.173333 0.352857
10 0.406667 0.185714 0.195 0.185714
10 0.695 0.186429 0.0883333 0.264286
10 0.805417 0.244286 0.155833 0.174286
10 0.919167 0.635 0.138333 0.421429
10 0.0816667 0.424286 0.155 0.257143
10 0.0579167 0.817857 0.109167 0.335714
10 0.442083 0.815714 0.1175 0.311429
10 0.72375 0.887143 0.129167 0.202857
10 0.464167 0.442143 0.0783333 0.235714
10 0.2875 0.417143 0.075 0.345714
