11 0.428333 0.155714 0.0733333 0.16
11 0.629583 0.199286 0.0741667 0.0985714
11 0.774583 0.331429 0.130833 0.117143
11 0.784167 0.519286 0.131667 0.115714
11 0.672083 0.707143 0.105833 0.185714
11 0.42125 0.718571 0.1625 0.254286
11 0.259167 0.48 0.191667 0.0685714
11 0.261667 0.252857 0.0783333 0.0571429
11 0.339167 0.302857 0.0633333 0.08
0 0.52625 0.272143 0.0491667 0.13
0 0.592083 0.35 0.0558333 0.0828571
0 0.617917 0.392857 0.0975 0.0857143
0 0.59375 0.482143 0.0891667 0.09
0 0.5025 0.474286 0.0733333 0.154286
0 0.462083 0.297857 0.0558333 0.112857
0 0.4325 0.349286 0.065 0.115714
0 0.451667 0.446429 0.07 0.13
