2 0.754167 0.782857 0.248333 0.228571
0 0.795833 0.388571 0.153333 0.188571
0 0.501667 0.486429 0.193333 0.232857
0 0.3675 0.765714 0.266667 0.268571
2 0.494167 0.147143 0.126667 0.0971429
0 0.18125 0.182857 0.144167 0.12
1 0.509167 0.214286 0.411667 0.165714
5 0.620833 0.348571 0.176667 0.174286
5 0.452083 0.303571 0.135833 0.101429
5 0.244583 0.305714 0.1475 0.117143
5 0.1875 0.472143 0.146667 0.215714
5 0.328333 0.423571 0.11 0.13
5 0.754167 0.525 0.215 0.158571
5 0.574167 0.657143 0.216667 0.197143
5 0.17875 0.706429 0.1275 0.244286
5 0.344167 0.573571 0.166667 0.192857
