0 0.533333 0.134286 0.175 0.202857
0 0.905417 0.401429 0.1275 0.225714
2 0.771667 0.15 0.28 0.228571
1 0.75 0.325 0.23 0.301429
2 0.819167 0.672143 0.303333 0.35
1 0.63375 0.570714 0.145833 0.307143
5 0.592917 0.313571 0.184167 0.192857
5 0.497083 0.422857 0.129167 0.177143
5 0.609167 0.527857 0.0766667 0.144286
5 0.41625 0.240714 0.1375 0.19
5 0.375833 0.54 0.171667 0.211429
5 0.517083 0.642143 0.129167 0.118571
0 0.581667 0.834286 0.236667 0.245714
1 0.301667 0.723571 0.5 0.15
2 0.2975 0.792143 0.275 0.221429
0 0.156667 0.520714 0.235 0.241429
1 0.275 0.195714 0.165 0.385714
2 0.218333 0.161429 0.145 0.228571
