1 0.550833 0.0835714 0.286667 0.132857
1 0.587917 0.475 0.120833 0.155714
1 0.530417 0.88 0.314167 0.157143
1 0.24125 0.375714 0.105833 0.737143
0 0.7725 0.285 0.111667 0.164286
0 0.7825 0.728571 0.0883333 0.205714
0 0.336667 0.748571 0.155 0.171429
6 0.811667 0.492143 0.0616667 0.29
6 0.316667 0.43 0.156667 0.428571
5 0.729167 0.461429 0.12 0.194286
5 0.670417 0.642143 0.1375 0.212857
5 0.502083 0.211429 0.0891667 0.168571
5 0.595 0.314286 0.12 0.188571
5 0.622083 0.155714 0.0925 0.128571
5 0.687083 0.303571 0.0641667 0.17
5 0.445417 0.405 0.1275 0.255714
5 0.519583 0.591429 0.0858333 0.205714
5 0.453333 0.658571 0.13 0.237143
5 0.5675 0.752857 0.0583333 0.22
