0 0.727917 0.0757143 0.170833 0.137143
0 0.229167 0.0757143 0.198333 0.151429
0 0.19875 0.672143 0.2725 0.192857
0 0.629583 0.765714 0.255833 0.2
5 0.577083 0.100714 0.160833 0.121429
5 0.629583 0.252143 0.1075 0.112857
5 0.725833 0.271429 0.0966667 0.185714
5 0.785 0.44 0.105 0.148571
5 0.687917 0.591429 0.2125 0.125714
5 0.661667 0.466429 0.16 0.107143
5 0.485833 0.645 0.168333 0.15
5 0.336667 0.511429 0.185 0.168571
5 0.224167 0.290714 0.0933333 0.161429
5 0.439167 0.377143 0.17 0.125714
5 0.48125 0.504286 0.135833 0.0857143
1 0.410833 0.199286 0.16 0.252857
1 0.607917 0.340714 0.289167 0.218571
1 0.316667 0.3 0.09 0.24
