2 0.85375 0.203571 0.200833 0.221429
2 0.1125 0.274286 0.138333 0.188571
5 0.922917 0.645 0.124167 0.584286
5 0.719583 0.147143 0.1125 0.271429
5 0.230417 0.396429 0.0875 0.281429
5 0.167083 0.952857 0.3225 0.0857143
0 0.549583 0.103571 0.1925 0.181429
1 0.375833 0.0785714 0.246667 0.157143
5 0.7575 0.445 0.23 0.312857
5 0.719167 0.706429 0.243333 0.27
5 0.65875 0.882857 0.365833 0.182857
5 0.444583 0.751429 0.270833 0.397143
5 0.485 0.325 0.316667 0.25
5 0.154167 0.660714 0.256667 0.392857
0 0.515 0.515714 0.238333 0.22
0 0.536667 0.1 0.225 0.148571
