3 0.908333 0.205714 0.1 0.162857
3 0.938333 0.745714 0.101667 0.168571
3 0.18625 0.0514286 0.0875 0.0828571
3 0.11375 0.822857 0.115833 0.168571
0 0.8375 0.130714 0.0683333 0.141429
0 0.172083 0.138571 0.0741667 0.111429
0 0.735833 0.258571 0.0333333 0.0514286
0 0.66125 0.13 0.0325 0.0457143
0 0.56125 0.0971429 0.0291667 0.0485714
0 0.464583 0.0978571 0.0258333 0.0385714
0 0.324167 0.184286 0.0333333 0.04
0 0.274167 0.365 0.0366667 0.0671429
0 0.295833 0.587857 0.0433333 0.0814286
0 0.349583 0.727857 0.0391667 0.0642857
0 0.43875 0.864286 0.0441667 0.0742857
0 0.5775 0.885714 0.0416667 0.0657143
0 0.682917 0.799286 0.0441667 0.0642857
0 0.750417 0.649286 0.0458333 0.0814286
0 0.76875 0.517857 0.0408333 0.0757143
8 0.924167 0.409286 0.1 0.21
8 0.890417 0.865714 0.124167 0.237143
