9 0.181667 0.347857 0.025 0.0928571
9 0.25375 0.345714 0.0308333 0.0914286
9 0.47 0.357143 0.025 0.0828571
9 0.604167 0.362143 0.0283333 0.0357143
9 0.7075 0.233571 0.0283333 0.0442857
9 0.786667 0.263571 0.0216667 0.0414286
9 0.835 0.442857 0.03 0.0771429
9 0.7175 0.364286 0.0566667 0.0428571
9 0.590833 0.189286 0.02 0.0557143
9 0.519583 0.0871429 0.0358333 0.0714286
9 0.323333 0.0971429 0.0333333 0.0771429
9 0.326667 0.214286 0.0266667 0.0771429
9 0.15875 0.581429 0.0591667 0.04
9 0.314167 0.548571 0.06 0.04
9 0.480833 0.54 0.045 0.0457143
9 0.621667 0.514286 0.03 0.0742857
9 0.757917 0.52 0.0375 0.0457143
9 0.86125 0.582857 0.0275 0.0771429
9 0.792917 0.715714 0.0325 0.0571429
9 0.638333 0.715 0.0366667 0.09
9 0.749583 0.851429 0.0291667 0.0257143
9 0.53875 0.911429 0.114167 0.0857143
9 0.488333 0.755714 0.04 0.0885714
9 0.3225 0.757143 0.035 0.0628571
9 0.249583 0.766429 0.0175 0.0357143
9 0.152917 0.71 0.0458333 0.0571429
9 0.4625 0.210714 0.0283333 0.0471429
9 0.191667 0.186429 0.0466667 0.05
