0 0.713333 0.119286 0.145 0.0928571
0 0.494583 0.120714 0.130833 0.0442857
0 0.302083 0.104286 0.154167 0.102857
1 0.607083 0.0978571 0.0808333 0.0671429
1 0.704583 0.168571 0.150833 0.0942857
5 0.595 0.165714 0.08 0.0514286
5 0.455417 0.130714 0.130833 0.0214286
5 0.327083 0.175 0.1825 0.05
1 0.29125 0.237857 0.250833 0.0785714
0 0.475 0.192143 0.141667 0.0528571
5 0.505417 0.248571 0.174167 0.0514286
5 0.653333 0.253571 0.13 0.0671429
1 0.485417 0.287143 0.1825 0.0628571
0 0.267083 0.276429 0.2075 0.112857
0 0.755833 0.289286 0.168333 0.11
5 0.705417 0.336429 0.1175 0.0557143
5 0.487917 0.408571 0.184167 0.0542857
5 0.745417 0.457143 0.2125 0.06
1 0.737083 0.382857 0.190833 0.08
1 0.258333 0.398571 0.246667 0.134286
0 0.513333 0.374286 0.171667 0.0914286
0 0.500417 0.462857 0.184167 0.0771429
0 0.7925 0.536429 0.2 0.138571
0 0.239167 0.467857 0.251667 0.0728571
5 0.50125 0.545714 0.219167 0.108571
5 0.2225 0.547143 0.218333 0.0628571
5 0.53375 0.653571 0.215833 0.104286
1 0.24375 0.589286 0.374167 0.09
1 0.529167 0.734286 0.39 0.111429
1 0.82375 0.666429 0.2775 0.101429
5 0.833333 0.74 0.241667 0.105714
5 0.2175 0.714286 0.275 0.102857
0 0.17375 0.844286 0.299167 0.14
0 0.467083 0.828571 0.279167 0.16
0 0.847917 0.831429 0.254167 0.134286
