0 0.458333 0.0907143 0.115 0.07
0 0.55875 0.249286 0.109167 0.0985714
0 0.81 0.377857 0.08 0.135714
1 0.241667 0.35 0.0683333 0.131429
1 0.145417 0.437857 0.124167 0.0728571
1 0.776667 0.505 0.09 0.181429
0 0.690417 0.393571 0.1325 0.161429
0 0.743333 0.625 0.105 0.172857
0 0.50875 0.637143 0.1875 0.114286
0 0.1425 0.522143 0.155 0.11
5 0.524583 0.789286 0.120833 0.144286
5 0.45 0.472857 0.115 0.0714286
5 0.333333 0.445714 0.09 0.12
5 0.2575 0.205714 0.125 0.0942857
5 0.3375 0.202143 0.095 0.0928571
5 0.415 0.304286 0.103333 0.0857143
5 0.34125 0.357143 0.0991667 0.0685714
5 0.123333 0.710714 0.0766667 0.0871429
5 0.0345833 0.502143 0.0591667 0.0557143
5 0.5225 0.347143 0.0733333 0.102857
