5 0.326667 0.144286 0.085 0.0457143
5 0.242917 0.175 0.0808333 0.0557143
5 0.1275 0.202857 0.0766667 0.06
5 0.599583 0.200714 0.0641667 0.0785714
5 0.528333 0.261429 0.085 0.08
5 0.445 0.262143 0.0883333 0.0928571
5 0.318333 0.329286 0.138333 0.101429
5 0.0825 0.346429 0.141667 0.124286
5 0.670833 0.291429 0.0666667 0.0771429
5 0.58875 0.333571 0.0958333 0.0585714
5 0.49875 0.383571 0.0691667 0.0842857
5 0.405 0.423571 0.0966667 0.0985714
5 0.295833 0.472143 0.121667 0.112857
1 0.11375 0.485714 0.1025 0.0885714
1 0.1625 0.268571 0.0766667 0.0542857
0 0.178333 0.566429 0.111667 0.15
0 0.424167 0.46 0.1 0.06
0 0.565 0.373571 0.0833333 0.0442857
0 0.667083 0.358571 0.0958333 0.0742857
1 0.22 0.595714 0.103333 0.0685714
1 0.500833 0.466429 0.17 0.118571
5 0.785833 0.400714 0.0933333 0.104286
5 0.658333 0.491429 0.135 0.125714
5 0.529583 0.567143 0.1075 0.0942857
5 0.397083 0.631429 0.1275 0.0971429
5 0.230417 0.7 0.1175 0.105714
0 0.768333 0.484286 0.0866667 0.0685714
0 0.634583 0.58 0.105833 0.0742857
0 0.529167 0.635714 0.105 0.0857143
0 0.287917 0.733571 0.134167 0.141429
1 0.325417 0.768571 0.134167 0.162857
1 0.557083 0.672857 0.179167 0.0885714
5 0.919167 0.534286 0.0733333 0.111429
5 0.840833 0.607143 0.08 0.0942857
5 0.747083 0.644286 0.0891667 0.134286
5 0.640833 0.738571 0.133333 0.0971429
5 0.51875 0.824286 0.1475 0.0857143
