5 0.84125 0.444286 0.0558333 0.217143
5 0.821667 0.220714 0.0583333 0.167143
5 0.706667 0.203571 0.0533333 0.201429
5 0.5925 0.187857 0.0566667 0.19
5 0.47125 0.182857 0.0591667 0.191429
5 0.3775 0.223571 0.0566667 0.195714
5 0.445417 0.477143 0.0575 0.225714
5 0.47875 0.747857 0.0558333 0.252857
5 0.326667 0.755714 0.045 0.24
5 0.0841667 0.760714 0.06 0.255714
5 0.215 0.735 0.08 0.238571
5 0.215 0.497857 0.06 0.221429
5 0.319583 0.505714 0.0591667 0.165714
5 0.159583 0.233571 0.0658333 0.184286
5 0.269583 0.207143 0.0541667 0.182857
0 0.1325 0.497143 0.0933333 0.237143
0 0.142917 0.695714 0.109167 0.154286
0 0.356667 0.743571 0.0983333 0.292857
0 0.517917 0.770714 0.0575 0.218571
0 0.664167 0.729286 0.105 0.261429
0 0.862083 0.752143 0.139167 0.184286
0 0.7575 0.39 0.085 0.202857
0 0.750833 0.100714 0.0766667 0.138571
0 0.89 0.143571 0.075 0.161429
0 0.632083 0.126429 0.0508333 0.152857
0 0.533333 0.143571 0.0516667 0.135714
0 0.4425 0.106429 0.055 0.0928571
0 0.3875 0.160714 0.075 0.167143
0 0.28 0.17 0.0716667 0.0971429
0 0.13125 0.2 0.0425 0.14
0 0.264583 0.515 0.0691667 0.218571
0 0.356667 0.450714 0.09 0.235714
0 0.577917 0.411429 0.0825 0.157143
0 0.891667 0.449286 0.108333 0.261429
5 0.723333 0.447143 0.0783333 0.194286
