5 0.963333 0.366429 0.07 0.155714
5 0.795833 0.223571 0.121667 0.115714
1 0.860417 0.259286 0.134167 0.0871429
1 0.672083 0.172857 0.0891667 0.105714
5 0.635417 0.130714 0.114167 0.13
5 0.471667 0.0514286 0.108333 0.0942857
5 0.340833 0.0364286 0.111667 0.0671429
5 0.31 0.177857 0.15 0.175714
0 0.379167 0.283571 0.161667 0.184286
5 0.485 0.318571 0.146667 0.217143
5 0.69125 0.465714 0.160833 0.188571
5 0.922917 0.611429 0.1175 0.234286
1 0.748333 0.568571 0.258333 0.38
0 0.822083 0.609286 0.0925 0.192857
1 0.796667 0.872143 0.186667 0.247143
5 0.6575 0.874286 0.176667 0.237143
0 0.532083 0.883571 0.164167 0.227143
1 0.496667 0.763571 0.37 0.472857
5 0.382083 0.725 0.189167 0.332857
0 0.27625 0.739286 0.154167 0.31
1 0.275833 0.617857 0.296667 0.392857
5 0.171667 0.538571 0.21 0.285714
5 0.0741667 0.435 0.145 0.241429
5 0.0341667 0.262143 0.0616667 0.0785714
