1 0.201667 0.494286 0.321667 0.374286
1 0.444167 0.692143 0.121667 0.178571
1 0.561667 0.432143 0.123333 0.195714
1 0.687083 0.304286 0.0908333 0.111429
1 0.77625 0.146429 0.0708333 0.141429
1 0.4725 0.132857 0.251667 0.237143
5 0.925833 0.0742857 0.135 0.142857
5 0.376667 0.0707143 0.156667 0.118571
5 0.645417 0.0942857 0.1675 0.134286
5 0.59375 0.185714 0.130833 0.162857
5 0.897917 0.229286 0.149167 0.135714
5 0.840833 0.314286 0.163333 0.177143
5 0.791667 0.394286 0.14 0.14
5 0.7625 0.497857 0.168333 0.187143
5 0.665833 0.699286 0.175 0.212857
5 0.55125 0.874286 0.224167 0.208571
5 0.410833 0.947857 0.13 0.104286
5 0.1025 0.786429 0.185 0.221429
5 0.245417 0.709286 0.1775 0.241429
5 0.34 0.507857 0.146667 0.178571
5 0.439167 0.357857 0.135 0.167143
5 0.532083 0.285 0.105833 0.0842857
5 0.28 0.199286 0.123333 0.104286
5 0.198333 0.312143 0.13 0.141429
5 0.0633333 0.402857 0.123333 0.162857
