5 0.483333 0.0485714 0.0516667 0.0885714
5 0.567917 0.025 0.0441667 0.0471429
0 0.605417 0.0678571 0.0725 0.11
0 0.85 0.184286 0.09 0.108571
1 0.50625 0.115714 0.124167 0.0828571
1 0.767917 0.237857 0.0875 0.0585714
5 0.7275 0.155714 0.0833333 0.128571
5 0.639167 0.194286 0.075 0.128571
5 0.536667 0.235 0.075 0.172857
5 0.378333 0.0514286 0.0566667 0.0914286
5 0.249167 0.105714 0.0833333 0.177143
5 0.153333 0.137143 0.0666667 0.191429
5 0.0295833 0.151429 0.0575 0.174286
1 0.2725 0.217143 0.143333 0.0942857
1 0.0191667 0.23 0.0416667 0.282857
0 0.389167 0.147143 0.101667 0.0914286
0 0.111667 0.259286 0.106667 0.0985714
0 0.440417 0.361429 0.0958333 0.117143
0 0.699583 0.280714 0.0908333 0.0842857
0 0.149583 0.507143 0.135833 0.117143
1 0.57125 0.334286 0.150833 0.0942857
1 0.32 0.465714 0.135 0.0828571
5 0.435417 0.258571 0.0641667 0.117143
5 0.330417 0.317857 0.0891667 0.172857
5 0.211667 0.363571 0.0933333 0.218571
5 0.0670833 0.422857 0.0575 0.24
5 0.8725 0.326429 0.065 0.13
5 0.792917 0.368571 0.0691667 0.137143
5 0.699583 0.418571 0.0858333 0.151429
5 0.610833 0.472143 0.08 0.172857
1 0.9475 0.408571 0.0833333 0.182857
1 0.883333 0.427143 0.121667 0.0914286
1 0.660833 0.577143 0.128333 0.0942857
0 0.778333 0.512143 0.085 0.115714
5 0.517917 0.519286 0.0691667 0.158571
5 0.390417 0.591429 0.0908333 0.26
5 0.254167 0.632857 0.075 0.257143
5 0.0995833 0.707143 0.0908333 0.271429
1 0.0708333 0.808571 0.09 0.374286
1 0.414583 0.760714 0.185833 0.135714
0 0.54375 0.646429 0.115833 0.13
0 0.2225 0.862857 0.125 0.162857
5 0.974167 0.571429 0.0483333 0.14
5 0.887917 0.596429 0.100833 0.19
5 0.786667 0.688571 0.106667 0.202857
5 0.68 0.764286 0.105 0.24
5 0.583333 0.805 0.0833333 0.201429
5 0.460417 0.881429 0.0875 0.225714
5 0.322083 0.908571 0.0841667 0.185714
5 0.15 0.947857 0.0633333 0.104286
1 0.96875 0.744286 0.0591667 0.105714
1 0.78625 0.884286 0.1425 0.111429
0 0.882083 0.785714 0.0925 0.148571
0 0.644167 0.940714 0.113333 0.107143
