1 0.84125 0.185714 0.0575 0.2
5 0.825833 0.215 0.0583333 0.158571
5 0.727083 0.214286 0.0775 0.14
5 0.640833 0.193571 0.075 0.115714
0 0.738333 0.120714 0.121667 0.0814286
0 0.85125 0.367857 0.100833 0.164286
0 0.627083 0.305 0.134167 0.127143
5 0.528333 0.215714 0.0833333 0.145714
1 0.430833 0.117857 0.128333 0.0785714
5 0.341667 0.189286 0.0633333 0.141429
5 0.257917 0.198571 0.0708333 0.111429
0 0.169167 0.272143 0.0783333 0.152857
0 0.41125 0.285714 0.1325 0.145714
1 0.10625 0.258571 0.0541667 0.14
1 0.279583 0.482857 0.0441667 0.205714
5 0.164583 0.17 0.0525 0.0628571
5 0.129583 0.416429 0.0875 0.155714
5 0.2375 0.427857 0.0683333 0.144286
5 0.343333 0.412857 0.0816667 0.122857
5 0.439167 0.436429 0.065 0.147143
1 0.482083 0.522857 0.175833 0.168571
5 0.55125 0.430714 0.0775 0.118571
5 0.650833 0.442857 0.0733333 0.162857
5 0.771667 0.427143 0.085 0.142857
5 0.89125 0.587857 0.0891667 0.287143
5 0.792083 0.669286 0.0741667 0.201429
1 0.872083 0.660714 0.0691667 0.215714
1 0.729583 0.666429 0.0458333 0.241429
0 0.785833 0.516429 0.123333 0.0985714
0 0.563333 0.540714 0.153333 0.141429
0 0.18375 0.53 0.1475 0.174286
1 0.328333 0.581429 0.0933333 0.2
1 0.0983333 0.560714 0.0383333 0.207143
5 0.676667 0.707143 0.0566667 0.2
5 0.557917 0.712857 0.0925 0.202857
5 0.442083 0.644286 0.0858333 0.14
5 0.317083 0.722143 0.0758333 0.192857
5 0.0591667 0.707857 0.1 0.241429
1 0.11375 0.800714 0.2175 0.0957143
1 0.285833 0.865714 0.16 0.105714
1 0.519167 0.85 0.221667 0.1
5 0.2025 0.712857 0.08 0.205714
0 0.123333 0.882857 0.205 0.0885714
0 0.432917 0.799286 0.119167 0.135714
