5 0.786667 0.112857 0.0883333 0.102857
5 0.69 0.0585714 0.0566667 0.0828571
5 0.596667 0.0307143 0.0716667 0.05
5 0.515417 0.0357143 0.0658333 0.06
5 0.414583 0.0642857 0.0791667 0.111429
0 0.36625 0.0842857 0.0925 0.131429
0 0.560417 0.17 0.0725 0.162857
0 0.696667 0.235 0.105 0.112857
5 0.645417 0.191429 0.0891667 0.12
5 0.8575 0.189286 0.116667 0.104286
5 0.489583 0.189286 0.0675 0.155714
1 0.795833 0.257857 0.19 0.0642857
1 0.639583 0.323571 0.2175 0.198571
1 0.485833 0.451429 0.135 0.254286
0 0.540833 0.423571 0.145 0.172857
0 0.57375 0.382143 0.140833 0.167143
5 0.743333 0.382143 0.185 0.107143
5 0.9125 0.438571 0.165 0.08
5 0.9075 0.290714 0.165 0.0928571
5 0.244167 0.165714 0.116667 0.117143
5 0.361667 0.237143 0.128333 0.137143
5 0.171667 0.280714 0.15 0.0757143
5 0.162083 0.418571 0.209167 0.1
1 0.219583 0.414286 0.154167 0.0771429
5 0.332083 0.431429 0.169167 0.125714
0 0.164583 0.357143 0.179167 0.0857143
0 0.33625 0.343571 0.1575 0.0728571
0 0.16375 0.488571 0.195833 0.0657143
0 0.307917 0.514286 0.209167 0.0685714
0 0.44 0.635714 0.106667 0.177143
0 0.632917 0.622857 0.1475 0.2
0 0.737917 0.511429 0.130833 0.111429
0 0.892083 0.520714 0.1825 0.0757143
5 0.70875 0.558571 0.1075 0.14
5 0.615417 0.672857 0.0941667 0.191429
5 0.50875 0.672857 0.115833 0.177143
5 0.365 0.638571 0.118333 0.145714
5 0.14875 0.595 0.1575 0.0985714
5 0.92375 0.596429 0.150833 0.118571
1 0.259583 0.588571 0.1625 0.0571429
5 0.188333 0.692143 0.161667 0.138571
5 0.26625 0.820714 0.120833 0.235714
0 0.458333 0.886429 0.121667 0.221429
0 0.866667 0.708571 0.155 0.194286
0 0.749583 0.838571 0.1575 0.234286
0 0.637917 0.912143 0.0741667 0.172857
5 0.385833 0.882143 0.121667 0.224286
5 0.546667 0.911429 0.103333 0.171429
5 0.713333 0.895 0.105 0.212857
5 0.83 0.782143 0.151667 0.252857
