5 0.8525 0.277143 0.136667 0.162857
5 0.888333 0.485714 0.108333 0.194286
5 0.889583 0.703571 0.1375 0.175714
5 0.719583 0.254286 0.130833 0.154286
5 0.723333 0.692143 0.161667 0.184286
5 0.649583 0.475714 0.145833 0.177143
5 0.557083 0.757143 0.1575 0.211429
5 0.52 0.342857 0.138333 0.188571
5 0.410417 0.257857 0.1275 0.15
5 0.212917 0.315714 0.1475 0.171429
5 0.144167 0.490714 0.155 0.15
5 0.294583 0.478571 0.139167 0.162857
5 0.415417 0.571429 0.139167 0.18
5 0.305833 0.689286 0.148333 0.181429
