5 0.8275 0.165714 0.06 0.148571
5 0.74875 0.17 0.0525 0.137143
5 0.67625 0.159286 0.0525 0.158571
5 0.600833 0.150714 0.0366667 0.132857
5 0.534583 0.141429 0.0608333 0.151429
5 0.465417 0.137143 0.0608333 0.188571
5 0.385833 0.152857 0.0516667 0.151429
5 0.3125 0.153571 0.05 0.147143
5 0.245833 0.151429 0.0433333 0.16
5 0.176667 0.135 0.0466667 0.155714
1 0.817083 0.288571 0.0341667 0.0942857
1 0.709167 0.29 0.0333333 0.122857
1 0.6 0.27 0.035 0.105714
1 0.50375 0.285 0.0291667 0.0957143
1 0.417083 0.292857 0.0441667 0.0914286
1 0.331667 0.284286 0.0283333 0.0914286
1 0.238333 0.287143 0.0333333 0.1
0 0.194167 0.262857 0.0416667 0.08
0 0.28375 0.295 0.0508333 0.0957143
0 0.370833 0.296429 0.0416667 0.09
0 0.464583 0.295 0.0375 0.0757143
0 0.545833 0.287857 0.0383333 0.0757143
0 0.659167 0.297143 0.0583333 0.0828571
0 0.764583 0.295714 0.0591667 0.0742857
5 0.13875 0.386429 0.0858333 0.187143
5 0.204167 0.442143 0.05 0.172857
5 0.282083 0.442143 0.0541667 0.147143
5 0.355 0.448571 0.05 0.142857
5 0.435417 0.432857 0.0508333 0.148571
5 0.526667 0.443571 0.0516667 0.158571
5 0.607083 0.424286 0.0491667 0.162857
5 0.690417 0.432857 0.0608333 0.148571
5 0.7775 0.43 0.0616667 0.18
5 0.86375 0.410714 0.0625 0.158571
1 0.882083 0.582143 0.0508333 0.144286
1 0.752083 0.586429 0.0391667 0.121429
1 0.627917 0.583571 0.0358333 0.144286
1 0.528333 0.600714 0.04 0.115714
1 0.434583 0.597857 0.0375 0.135714
1 0.347083 0.588571 0.0458333 0.111429
1 0.257083 0.591429 0.0375 0.111429
1 0.161667 0.577857 0.0283333 0.11
1 0.1075 0.584286 0.0283333 0.122857
0 0.1375 0.587857 0.03 0.115714
0 0.202917 0.597857 0.0508333 0.11
0 0.29875 0.592143 0.0441667 0.09
0 0.395833 0.607143 0.0316667 0.114286
0 0.476667 0.604286 0.0383333 0.114286
0 0.575833 0.595 0.0483333 0.11
0 0.685417 0.585 0.0575 0.101429
0 0.810417 0.596429 0.0741667 0.101429
5 0.9025 0.764286 0.0816667 0.214286
5 0.819583 0.77 0.0875 0.211429
5 0.729167 0.764286 0.08 0.205714
5 0.627917 0.775 0.0675 0.198571
5 0.5375 0.775 0.0716667 0.195714
5 0.438333 0.787143 0.0633333 0.188571
5 0.3625 0.767857 0.0583333 0.192857
5 0.269167 0.777857 0.0366667 0.204286
5 0.198333 0.765714 0.0516667 0.197143
5 0.114167 0.769286 0.0616667 0.207143
