5 0.952083 0.22 0.0958333 0.168571
5 0.85375 0.208571 0.145833 0.151429
5 0.852083 0.290714 0.0641667 0.0785714
5 0.832083 0.427143 0.210833 0.122857
5 0.649167 0.372857 0.148333 0.1
5 0.536667 0.198571 0.21 0.108571
5 0.651667 0.0992857 0.145 0.11
5 0.522083 0.125 0.1175 0.09
5 0.652917 0.577857 0.1975 0.0671429
5 0.70375 0.662857 0.205833 0.111429
5 0.46375 0.525 0.145833 0.272857
5 0.585417 0.815714 0.139167 0.197143
5 0.34875 0.387143 0.0908333 0.0914286
5 0.198333 0.583571 0.11 0.175714
5 0.10125 0.612143 0.0908333 0.244286
