5 0.854583 0.645714 0.0808333 0.202857
5 0.894167 0.412857 0.0833333 0.105714
5 0.852917 0.206429 0.0775 0.127143
5 0.735417 0.372857 0.100833 0.145714
5 0.746667 0.605714 0.0616667 0.165714
5 0.635833 0.706429 0.0816667 0.212857
5 0.567917 0.807857 0.0808333 0.178571
5 0.44375 0.852143 0.0741667 0.207143
5 0.49125 0.533571 0.0775 0.19
5 0.649167 0.491429 0.08 0.16
5 0.647083 0.273571 0.0675 0.192857
5 0.715833 0.158571 0.1 0.08
5 0.667917 0.0442857 0.0525 0.0771429
5 0.541667 0.131429 0.0666667 0.182857
5 0.559167 0.305714 0.0933333 0.14
5 0.45125 0.334286 0.0641667 0.197143
5 0.38625 0.590714 0.0991667 0.167143
5 0.24875 0.925 0.105833 0.135714
5 0.199167 0.725714 0.0916667 0.108571
5 0.173333 0.523571 0.105 0.167143
5 0.156667 0.310714 0.0866667 0.115714
5 0.3525 0.153571 0.0733333 0.0957143
5 0.30875 0.31 0.0658333 0.108571
5 0.270417 0.0485714 0.0641667 0.0971429
5 0.219583 0.104286 0.0875 0.108571
1 0.886667 0.902857 0.0733333 0.194286
1 0.35375 0.835714 0.1025 0.211429
