5 0.56 0.202857 0.116667 0.148571
5 0.6325 0.237143 0.131667 0.105714
5 0.3925 0.196429 0.128333 0.124286
1 0.50375 0.254286 0.1175 0.248571
1 0.461667 0.285714 0.183333 0.148571
1 0.342083 0.435 0.2475 0.258571
1 0.36375 0.392857 0.275833 0.137143
1 0.62625 0.348571 0.274167 0.18
1 0.70875 0.454286 0.2575 0.108571
5 0.7275 0.812143 0.108333 0.17
5 0.606667 0.819286 0.115 0.212857
5 0.223333 0.386429 0.15 0.104286
5 0.247917 0.267857 0.140833 0.0985714
5 0.270833 0.610714 0.166667 0.147143
5 0.370833 0.674286 0.095 0.188571
1 0.522917 0.677143 0.120833 0.325714
1 0.6375 0.672857 0.0616667 0.328571
1 0.710417 0.622143 0.1225 0.201429
