5 0.633333 0.154286 0.118333 0.185714
5 0.46625 0.137857 0.104167 0.138571
5 0.32625 0.184286 0.1075 0.171429
5 0.121667 0.203571 0.156667 0.184286
5 0.0470833 0.357143 0.0941667 0.24
5 0.02625 0.6 0.0508333 0.277143
0 0.15125 0.546429 0.189167 0.192857
0 0.56875 0.286429 0.125833 0.147143
0 0.947917 0.402143 0.0991667 0.15
0 0.565417 0.910714 0.1325 0.158571
5 0.27 0.395714 0.133333 0.2
5 0.457083 0.433571 0.1225 0.241429
5 0.6575 0.410714 0.133333 0.198571
5 0.765417 0.35 0.124167 0.197143
5 0.87 0.533571 0.116667 0.255714
5 0.787083 0.876429 0.195833 0.241429
5 0.510833 0.695 0.155 0.261429
5 0.250417 0.746429 0.1475 0.295714
5 0.93875 0.804286 0.119167 0.357143
