0 0.860417 0.291429 0.220833 0.0742857
0 0.6675 0.0964286 0.14 0.155714
0 0.4125 0.0492857 0.1 0.0928571
1 0.374583 0.107143 0.0891667 0.188571
1 0.171667 0.151429 0.186667 0.268571
1 0.884583 0.257143 0.225833 0.0857143
5 0.797083 0.122143 0.115833 0.15
5 0.696667 0.199286 0.133333 0.127143
5 0.51625 0.0757143 0.129167 0.122857
5 0.264167 0.105714 0.125 0.182857
5 0.545417 0.271429 0.2575 0.162857
5 0.88625 0.417143 0.219167 0.16
5 0.4275 0.464286 0.285 0.188571
5 0.0891667 0.357143 0.175 0.12
0 0.105417 0.477857 0.205833 0.15
0 0.860833 0.562857 0.253333 0.154286
1 0.152917 0.572857 0.300833 0.142857
1 0.794167 0.602857 0.398333 0.248571
5 0.810833 0.778571 0.338333 0.214286
5 0.17625 0.721429 0.2225 0.26
0 0.279583 0.765 0.220833 0.267143
0 0.688333 0.856429 0.208333 0.207143
1 0.85875 0.875714 0.234167 0.24
1 0.61125 0.82 0.205833 0.342857
5 0.425 0.848571 0.195 0.282857
