5 0.861667 0.291429 0.136667 0.188571
5 0.692083 0.243571 0.1825 0.13
5 0.509583 0.229286 0.149167 0.147143
5 0.32 0.237143 0.19 0.142857
5 0.14625 0.322857 0.149167 0.228571
5 0.179583 0.609286 0.1725 0.207143
5 0.172083 0.809286 0.1875 0.187143
5 0.405833 0.396429 0.13 0.184286
5 0.430417 0.579286 0.210833 0.15
5 0.622083 0.397143 0.1975 0.16
5 0.505417 0.744286 0.2125 0.194286
5 0.728333 0.670714 0.15 0.261429
5 0.87875 0.539286 0.210833 0.175714
5 0.909583 0.729286 0.175833 0.172857
