1 0.845417 0.691429 0.2875 0.58
0 0.819583 0.122143 0.200833 0.19
0 0.805417 0.346429 0.184167 0.235714
0 0.626667 0.375714 0.195 0.285714
5 0.67625 0.05 0.0991667 0.0942857
5 0.94125 0.323571 0.0991667 0.115714
5 0.977917 0.24 0.0525 0.125714
5 0.715833 0.190714 0.0983333 0.118571
5 0.475 0.0635714 0.118333 0.104286
1 0.485417 0.0942857 0.279167 0.151429
0 0.26125 0.0857143 0.165833 0.157143
0 0.19375 0.378571 0.134167 0.168571
5 0.271667 0.236429 0.136667 0.17
5 0.139167 0.147857 0.103333 0.178571
0 0.457917 0.225 0.154167 0.152857
5 0.432083 0.365714 0.1625 0.214286
5 0.729583 0.626429 0.214167 0.338571
5 0.280833 0.478571 0.188333 0.148571
0 0.303333 0.747857 0.341667 0.495714
