5 0.582083 0.0878571 0.154167 0.172857
1 0.743333 0.117143 0.506667 0.222857
1 0.389583 0.135714 0.565833 0.26
1 0.116667 0.163571 0.205 0.284286
5 0.27875 0.309286 0.220833 0.218571
5 0.789583 0.297143 0.224167 0.242857
5 0.555 0.485 0.23 0.278571
1 0.719167 0.697143 0.523333 0.605714
1 0.950417 0.84 0.0975 0.308571
5 0.849167 0.737143 0.193333 0.191429
5 0.62875 0.895714 0.1975 0.188571
5 0.0491667 0.515714 0.103333 0.311429
1 0.29875 0.655714 0.5775 0.265714
5 0.204167 0.841429 0.243333 0.248571
