5 0.90375 0.736429 0.0891667 0.05
5 0.82875 0.690714 0.100833 0.0614286
5 0.780833 0.636429 0.103333 0.0585714
5 0.709583 0.583571 0.1025 0.0585714
5 0.677083 0.533571 0.0908333 0.07
5 0.58875 0.567143 0.0941667 0.06
5 0.622083 0.605714 0.0875 0.0542857
5 0.666667 0.652857 0.113333 0.0485714
5 0.716667 0.703571 0.125 0.0642857
5 0.784167 0.768571 0.101667 0.08
5 0.642917 0.794286 0.155833 0.0914286
5 0.578333 0.743571 0.121667 0.104286
5 0.535833 0.675714 0.133333 0.0628571
5 0.492083 0.625714 0.120833 0.0742857
5 0.45 0.576429 0.0783333 0.0614286
0 0.57875 0.744286 0.100833 0.0885714
5 0.327917 0.601429 0.115833 0.0428571
5 0.357083 0.657143 0.124167 0.0457143
5 0.377917 0.712857 0.134167 0.0771429
0 0.402917 0.765714 0.134167 0.0714286
5 0.416667 0.784286 0.143333 0.0571429
5 0.442083 0.854286 0.144167 0.0742857
5 0.2575 0.905714 0.155 0.0628571
5 0.224583 0.835 0.140833 0.0671429
5 0.21125 0.758571 0.129167 0.0571429
5 0.198333 0.699286 0.143333 0.0642857
5 0.178333 0.635 0.14 0.0642857
