5 0.7825 0.290714 0.161667 0.141429
5 0.91375 0.37 0.0891667 0.171429
5 0.925 0.548571 0.101667 0.165714
5 0.840417 0.682143 0.1475 0.221429
5 0.670417 0.732143 0.205833 0.187143
5 0.938333 0.887143 0.118333 0.214286
5 0.7825 0.955 0.19 0.0842857
5 0.568333 0.958571 0.106667 0.0771429
5 0.673333 0.395714 0.106667 0.177143
5 0.50125 0.243571 0.1025 0.178571
5 0.41875 0.304286 0.124167 0.214286
5 0.54375 0.453571 0.1325 0.224286
5 0.484583 0.568571 0.164167 0.237143
5 0.404167 0.726429 0.116667 0.27
5 0.242917 0.895 0.1025 0.201429
5 0.1075 0.958571 0.14 0.0771429
5 0.144583 0.650714 0.130833 0.267143
5 0.279167 0.532143 0.153333 0.244286
5 0.223333 0.267143 0.216667 0.145714
