5 0.731667 0.212857 0.148333 0.128571
5 0.575 0.165 0.175 0.112857
5 0.4825 0.0935714 0.145 0.132857
1 0.467917 0.2 0.114167 0.102857
1 0.650417 0.257143 0.114167 0.0885714
1 0.79375 0.319286 0.0791667 0.138571
5 0.68125 0.357857 0.140833 0.138571
5 0.832917 0.507857 0.0941667 0.207143
5 0.74 0.502857 0.0916667 0.202857
5 0.788333 0.678571 0.095 0.177143
1 0.510833 0.360714 0.0566667 0.184286
5 0.56625 0.425714 0.0858333 0.22
5 0.64375 0.575714 0.105833 0.22
5 0.529167 0.597143 0.148333 0.157143
5 0.460417 0.477857 0.0908333 0.21
5 0.415417 0.329286 0.1225 0.175714
5 0.367917 0.242143 0.1175 0.17
5 0.28625 0.177857 0.115833 0.192857
1 0.324583 0.399286 0.0408333 0.135714
5 0.266667 0.426429 0.0866667 0.195714
1 0.202917 0.455 0.105833 0.152857
1 0.719583 0.755 0.134167 0.158571
5 0.67 0.872857 0.156667 0.114286
5 0.598333 0.740714 0.125 0.138571
1 0.584583 0.824286 0.105833 0.06
5 0.3675 0.562143 0.108333 0.184286
5 0.44625 0.727143 0.150833 0.18
5 0.27125 0.613571 0.1375 0.147143
5 0.3325 0.790714 0.135 0.218571
5 0.485833 0.895714 0.18 0.142857
1 0.549583 0.963571 0.1875 0.0557143
