0 0.822917 0.207857 0.130833 0.192857
0 0.937917 0.445 0.104167 0.258571
0 0.87625 0.567143 0.1375 0.145714
5 0.52625 0.137143 0.145833 0.137143
5 0.759167 0.336429 0.105 0.187143
0 0.608333 0.217143 0.13 0.105714
0 0.430833 0.210714 0.115 0.17
0 0.35 0.119286 0.141667 0.115714
0 0.200417 0.236429 0.185833 0.181429
1 0.305833 0.349286 0.125 0.287143
5 0.561667 0.305 0.163333 0.155714
5 0.404583 0.394286 0.120833 0.165714
5 0.652083 0.53 0.124167 0.248571
0 0.5225 0.482857 0.141667 0.282857
5 0.734583 0.712857 0.144167 0.171429
5 0.87375 0.705 0.130833 0.244286
5 0.580417 0.767143 0.170833 0.268571
5 0.287917 0.546429 0.230833 0.19
5 0.199583 0.666429 0.269167 0.227143
1 0.26125 0.708571 0.0808333 0.4
0 0.0791667 0.461429 0.151667 0.182857
0 0.725 0.840714 0.145 0.255714
