5 0.912917 0.193571 0.160833 0.164286
5 0.7075 0.283571 0.221667 0.17
5 0.947083 0.42 0.100833 0.145714
5 0.905833 0.635 0.183333 0.221429
5 0.864167 0.865714 0.225 0.251429
5 0.709583 0.910714 0.164167 0.172857
5 0.609583 0.585714 0.234167 0.297143
5 0.6075 0.136429 0.185 0.255714
5 0.449167 0.121429 0.145 0.237143
5 0.34375 0.165 0.154167 0.29
5 0.10875 0.0978571 0.214167 0.195714
5 0.0954167 0.338571 0.1875 0.248571
5 0.238333 0.446429 0.255 0.187143
5 0.28375 0.691429 0.165833 0.288571
5 0.0495833 0.565 0.100833 0.181429
5 0.106667 0.84 0.21 0.305714
5 0.28125 0.925714 0.1525 0.142857
1 0.179583 0.189286 0.335833 0.252857
1 0.435 0.220714 0.108333 0.378571
1 0.624583 0.436429 0.250833 0.284286
1 0.8375 0.102143 0.238333 0.178571
1 0.918333 0.418571 0.158333 0.265714
1 0.894167 0.762143 0.208333 0.238571
1 0.58 0.907143 0.0983333 0.162857
1 0.396667 0.71 0.108333 0.362857
1 0.153333 0.635 0.3 0.347143
1 0.429583 0.888571 0.0641667 0.197143
