5 0.977917 0.230714 0.0408333 0.212857
5 0.728333 0.0864286 0.123333 0.164286
5 0.60375 0.121429 0.1225 0.191429
5 0.431667 0.0407143 0.176667 0.0785714
5 0.799583 0.35 0.144167 0.231429
5 0.641667 0.389286 0.123333 0.227143
5 0.451667 0.282857 0.103333 0.205714
1 0.276667 0.0757143 0.0633333 0.0971429
1 0.507917 0.125 0.0625 0.0614286
1 0.926667 0.311429 0.136667 0.16
1 0.89875 0.546429 0.0425 0.167143
1 0.791667 0.611429 0.123333 0.0685714
1 0.692083 0.467857 0.0758333 0.27
1 0.765417 0.787857 0.0491667 0.272857
5 0.880417 0.817143 0.130833 0.32
5 0.684167 0.740714 0.115 0.321429
1 0.550833 0.619286 0.218333 0.195714
1 0.519583 0.471429 0.125833 0.168571
1 0.308333 0.498571 0.293333 0.242857
1 0.29375 0.662857 0.1575 0.197143
1 0.14125 0.504286 0.174167 0.351429
1 0.192083 0.342143 0.155833 0.141429
5 0.349167 0.27 0.065 0.217143
5 0.264167 0.23 0.111667 0.174286
5 0.149167 0.148571 0.115 0.197143
5 0.0391667 0.215 0.0733333 0.127143
5 0.0833333 0.638571 0.143333 0.251429
5 0.205417 0.885714 0.1725 0.22
5 0.3675 0.840714 0.1 0.272857
5 0.55875 0.851429 0.105833 0.265714
