1 0.632083 0.222857 0.355833 0.108571
1 0.780417 0.458571 0.1075 0.314286
5 0.7225 0.388571 0.0616667 0.177143
5 0.382917 0.178571 0.165833 0.105714
5 0.265417 0.321429 0.1825 0.0942857
1 0.395 0.283571 0.125 0.118571
5 0.467917 0.395714 0.1575 0.128571
5 0.595833 0.566429 0.171667 0.07
5 0.718333 0.740714 0.166667 0.132857
1 0.771667 0.620714 0.118333 0.107143
1 0.241667 0.582857 0.106667 0.228571
1 0.399167 0.702857 0.198333 0.174286
5 0.435833 0.621429 0.0983333 0.191429
5 0.54875 0.749286 0.144167 0.204286
5 0.147917 0.491429 0.0858333 0.171429
5 0.307083 0.485 0.0825 0.198571
