1 0.325833 0.0857143 0.341667 0.177143
5 0.542083 0.065 0.1925 0.121429
5 0.457917 0.232857 0.164167 0.185714
5 0.17625 0.146429 0.0991667 0.221429
5 0.0708333 0.156429 0.123333 0.121429
5 0.0429167 0.322143 0.0858333 0.218571
0 0.290833 0.228571 0.158333 0.194286
0 0.132083 0.307857 0.1525 0.192857
0 0.579583 0.257857 0.1175 0.201429
5 0.725833 0.296429 0.131667 0.187143
5 0.848333 0.400714 0.155 0.247143
1 0.466667 0.354286 0.475 0.18
0 0.7675 0.486429 0.178333 0.155714
5 0.525 0.494286 0.0883333 0.157143
5 0.640417 0.529286 0.114167 0.161429
5 0.405833 0.507143 0.13 0.14
5 0.25625 0.459286 0.119167 0.124286
5 0.105833 0.478571 0.118333 0.191429
5 0.354167 0.652143 0.12 0.15
5 0.79875 0.639286 0.204167 0.178571
1 0.15 0.582143 0.3 0.284286
0 0.504167 0.599286 0.173333 0.132857
1 0.505833 0.677857 0.411667 0.152857
5 0.684583 0.81 0.194167 0.208571
5 0.50125 0.782857 0.1675 0.102857
5 0.284583 0.795714 0.119167 0.211429
5 0.14625 0.858571 0.125833 0.26
0 0.84125 0.823571 0.1475 0.215714
0 0.04375 0.839286 0.0875 0.312857
0 0.229583 0.915 0.134167 0.161429
1 0.518333 0.899286 0.528333 0.19
