5 0.744583 0.292143 0.0591667 0.241429
5 0.651667 0.209286 0.0533333 0.232857
5 0.5475 0.278571 0.0483333 0.202857
0 0.575417 0.190714 0.1075 0.235714
0 0.29125 0.150714 0.0975 0.212857
0 0.810833 0.483571 0.0966667 0.201429
1 0.655 0.377143 0.19 0.182857
1 0.794583 0.632857 0.1475 0.205714
1 0.67125 0.667857 0.199167 0.104286
5 0.690417 0.483571 0.0691667 0.275714
5 0.817083 0.713571 0.124167 0.244286
5 0.585 0.515714 0.065 0.225714
5 0.69875 0.789286 0.0675 0.204286
5 0.614167 0.881429 0.0816667 0.217143
5 0.450417 0.140714 0.0741667 0.172857
5 0.5025 0.518571 0.0666667 0.268571
1 0.4325 0.304286 0.125 0.145714
5 0.360833 0.197857 0.0666667 0.252857
5 0.417917 0.433571 0.0758333 0.181429
5 0.308333 0.384286 0.0533333 0.237143
1 0.38 0.58 0.143333 0.197143
1 0.219167 0.301429 0.138333 0.351429
5 0.1625 0.349286 0.0633333 0.224286
5 0.233333 0.590714 0.0833333 0.252857
0 0.547083 0.779286 0.0641667 0.264286
0 0.272917 0.654286 0.0925 0.222857
5 0.319167 0.705714 0.0716667 0.24
5 0.4 0.787857 0.0766667 0.238571
5 0.49625 0.846429 0.0675 0.267143
