0 0.709167 0.110714 0.0966667 0.0871429
0 0.517083 0.08 0.0841667 0.0628571
5 0.624583 0.119286 0.1225 0.0728571
5 0.79375 0.208571 0.124167 0.0828571
5 0.69 0.242857 0.09 0.0828571
5 0.463333 0.13 0.08 0.0914286
5 0.52375 0.197143 0.0825 0.0885714
1 0.588333 0.192143 0.085 0.0642857
0 0.36875 0.167857 0.100833 0.0671429
0 0.72 0.311429 0.108333 0.0885714
0 0.885417 0.319286 0.105833 0.107143
5 0.289583 0.117857 0.125833 0.0785714
5 0.2475 0.203571 0.13 0.07
5 0.401667 0.221429 0.121667 0.0657143
5 0.575417 0.28 0.139167 0.0714286
5 0.801667 0.348571 0.116667 0.0628571
1 0.327917 0.277143 0.0758333 0.0828571
1 0.161667 0.335714 0.126667 0.06
5 0.236667 0.279286 0.126667 0.09
5 0.34375 0.351429 0.1025 0.0685714
5 0.456667 0.334286 0.0633333 0.125714
5 0.719167 0.450714 0.128333 0.0557143
0 0.611667 0.426429 0.0733333 0.0957143
0 0.705833 0.541429 0.113333 0.0771429
0 0.842917 0.432143 0.120833 0.0614286
0 0.54625 0.652857 0.0775 0.12
0 0.435 0.557143 0.055 0.114286
0 0.540833 0.827143 0.0816667 0.137143
0 0.8725 0.625714 0.08 0.105714
1 0.227083 0.522857 0.0575 0.0971429
1 0.4 0.855714 0.055 0.12
1 0.72875 0.711429 0.0941667 0.148571
5 0.139583 0.391429 0.1325 0.0857143
5 0.219583 0.427143 0.1325 0.0685714
5 0.11625 0.533571 0.135833 0.0871429
5 0.18 0.64 0.125 0.0828571
5 0.334167 0.618571 0.143333 0.0685714
5 0.4775 0.684286 0.0866667 0.134286
5 0.285 0.802143 0.118333 0.13
5 0.449583 0.841429 0.0941667 0.148571
5 0.617917 0.816429 0.0791667 0.164286
5 0.672083 0.692857 0.104167 0.102857
5 0.8275 0.736429 0.121667 0.0985714
